3 0.3796875 0.015625 0.4703125 0.015625 0.4703125 0.1703125 0.3796875 0.1703125
3 0.2296875 0.2953125 0.2953125 0.2953125 0.2953125 0.4203125 0.2296875 0.4203125
3 0.3609375 0.30625 0.471875 0.30625 0.471875 0.4171875 0.3609375 0.4171875
3 0.8765625 0.6421875 0.9796875 0.6421875 0.9796875 0.803125 0.8765625 0.803125
3 0.1515625 0.6796875 0.2390625 0.6796875 0.2390625 0.8578125 0.1515625 0.8578125
3 0.2515625 0.74375 0.29375 0.74375 0.29375 0.828125 0.2515625 0.828125
3 0.653125 0.1453125 0.828125 0.1453125 0.828125 0.25 0.653125 0.25
3 0.7484375 0.4359375 0.8625 0.4359375 0.8625 0.528125 0.7484375 0.528125
3 0.00625 0.328125 0.1109375 0.328125 0.1109375 0.4984375 0.00625 0.4984375
3 0.1171875 0 0.196875 0 0.196875 0.0890625 0.1171875 0.0890625
3 0.8515625 0.0046875 1 0.0046875 1 0.2 0.8515625 0.2
3 0.7859375 0.271875 1 0.271875 1 0.5078125 0.7859375 0.5078125
3 0.5765625 0.5359375 0.70625 0.5359375 0.70625 0.71875 0.5765625 0.71875
3 0.4 0.440625 0.46875 0.440625 0.46875 0.571875 0.4 0.571875
3 0.434375 0.634375 0.509375 0.634375 0.509375 0.7046875 0.434375 0.7046875
3 0.2546875 0.8546875 0.3453125 0.8546875 0.3453125 1 0.2546875 1
3 0.590625 0.078125 0.65 0.078125 0.65 0.271875 0.590625 0.271875