3 0.2203125 0.296875 0.290625 0.296875 0.290625 0.421875 0.2203125 0.421875
3 0.7359375 0.75 0.8296875 0.75 0.8296875 0.9296875 0.7359375 0.9296875
3 0.8703125 0.646875 0.9890625 0.646875 0.9890625 0.79375 0.8703125 0.79375
3 0.175 0.7671875 0.278125 0.7671875 0.278125 0.93125 0.175 0.93125
3 0.3640625 0.003125 0.45625 0.003125 0.45625 0.1859375 0.3640625 0.1859375
3 0 0.7125 0.1015625 0.7125 0.1015625 0.9234375 0 0.9234375
3 0.6484375 0.1421875 0.8125 0.1421875 0.8125 0.246875 0.6484375 0.246875
3 0.746875 0.4265625 0.859375 0.4265625 0.859375 0.515625 0.746875 0.515625
3 0.434375 0.615625 0.4921875 0.615625 0.4921875 0.721875 0.434375 0.721875
3 0.36875 0.75625 0.496875 0.75625 0.496875 0.9 0.36875 0.9
3 0.85 0 1 0 1 0.178125 0.85 0.178125
3 0.8609375 0.2984375 0.9953125 0.2984375 0.9953125 0.4796875 0.8609375 0.4796875
3 0.1203125 0 0.1828125 0 0.1828125 0.06875 0.1203125 0.06875
3 0 0.3171875 0.0921875 0.3171875 0.0921875 0.528125 0 0.528125
3 0.3984375 0.440625 0.4703125 0.440625 0.4703125 0.5734375 0.3984375 0.5734375
3 0.5796875 0.5453125 0.7109375 0.5453125 0.7109375 0.70625 0.5796875 0.70625
3 0.753125 0.9125 0.878125 0.9125 0.878125 1 0.753125 1
3 0.5890625 0.084375 0.65 0.084375 0.65 0.271875 0.5890625 0.271875