3 0.109375 0.4984375 0.1796875 0.4984375 0.1796875 0.5828125 0.109375 0.5828125
3 0.55625 0.090625 0.6421875 0.090625 0.6421875 0.209375 0.55625 0.209375
3 0.509375 0.7546875 0.5640625 0.7546875 0.5640625 0.8609375 0.509375 0.8609375
3 0.8671875 0.496875 0.9640625 0.496875 0.9640625 0.7125 0.8671875 0.7125
3 0.578125 0.44375 0.66875 0.44375 0.66875 0.5953125 0.578125 0.5953125
3 0.9328125 0.3140625 1 0.3140625 1 0.465625 0.9328125 0.465625
3 0.6796875 0.7421875 0.7625 0.7421875 0.7625 0.9234375 0.6796875 0.9234375
3 0.4265625 0.3 0.4953125 0.3 0.4953125 0.4671875 0.4265625 0.4671875
3 0.24375 0.24375 0.346875 0.24375 0.346875 0.35 0.24375 0.35
3 0.7921875 0.7703125 0.8640625 0.7703125 0.8640625 0.915625 0.7921875 0.915625
3 0.703125 0.359375 0.7453125 0.359375 0.7453125 0.4703125 0.703125 0.4703125
3 0.575 0 0.634375 0 0.634375 0.0546875 0.575 0.0546875
3 0.7515625 0.3421875 0.8203125 0.3421875 0.8203125 0.46875 0.7515625 0.46875