3 0.1109375 0.490625 0.1828125 0.490625 0.1828125 0.5859375 0.1109375 0.5859375
3 0.80625 0.8328125 0.8671875 0.8328125 0.8671875 0.9375 0.80625 0.9375
3 0.7109375 0.584375 0.7609375 0.584375 0.7609375 0.6828125 0.7109375 0.6828125
3 0.3078125 0.634375 0.365625 0.634375 0.365625 0.7546875 0.3078125 0.7546875
3 0.4265625 0 0.5140625 0 0.5140625 0.0765625 0.4265625 0.0765625
3 0.421875 0.2953125 0.4984375 0.2953125 0.4984375 0.4703125 0.421875 0.4703125
3 0.9296875 0.334375 0.9984375 0.334375 0.9984375 0.459375 0.9296875 0.459375
3 0.9265625 0.0890625 0.9984375 0.0890625 0.9984375 0.20625 0.9265625 0.20625
3 0.878125 0.50625 0.9578125 0.50625 0.9578125 0.671875 0.878125 0.671875
3 0.24375 0.2265625 0.30625 0.2265625 0.30625 0.3515625 0.24375 0.3515625
3 0.3015625 0.2515625 0.3515625 0.2515625 0.3515625 0.353125 0.3015625 0.353125
3 0.5765625 0 0.6234375 0 0.6234375 0.025 0.5765625 0.025
3 0.6828125 0.4140625 0.7625 0.4140625 0.7625 0.4984375 0.6828125 0.4984375
3 0.5265625 0.79375 0.5671875 0.79375 0.5671875 0.8703125 0.5265625 0.8703125
3 0.36875 0.634375 0.39375 0.634375 0.39375 0.721875 0.36875 0.721875