3 0.3671875 0.028125 0.4875 0.028125 0.4875 0.171875 0.3671875 0.171875
3 0.2171875 0.3015625 0.2953125 0.3015625 0.2953125 0.4265625 0.2171875 0.4265625
3 0.359375 0.3015625 0.471875 0.3015625 0.471875 0.409375 0.359375 0.409375
3 0.871875 0.6453125 1 0.6453125 1 0.7953125 0.871875 0.7953125
3 0.153125 0.6796875 0.2390625 0.6796875 0.2390625 0.8578125 0.153125 0.8578125
3 0.2515625 0.7421875 0.29375 0.7421875 0.29375 0.828125 0.2515625 0.828125
3 0.75 0.440625 0.8578125 0.440625 0.8578125 0.5234375 0.75 0.5234375
3 0.6546875 0.1359375 0.81875 0.1359375 0.81875 0.2515625 0.6546875 0.2515625
3 0.00625 0.328125 0.1125 0.328125 0.1125 0.4953125 0.00625 0.4953125
3 0.4359375 0.6234375 0.484375 0.6234375 0.484375 0.7015625 0.4359375 0.7015625
3 0.85625 0 1 0 1 0.178125 0.85625 0.178125
3 0.7953125 0.2859375 1 0.2859375 1 0.49375 0.7953125 0.49375
3 0.5875 0.5359375 0.709375 0.5359375 0.709375 0.70625 0.5875 0.70625
3 0.121875 0 0.1953125 0 0.1953125 0.0765625 0.121875 0.0765625
3 0.2515625 0.8484375 0.3453125 0.8484375 0.3453125 1 0.2515625 1
3 0.36875 0.8078125 0.4359375 0.8078125 0.4359375 0.884375 0.36875 0.884375
3 0.4046875 0.4359375 0.4671875 0.4359375 0.4671875 0.5828125 0.4046875 0.5828125
3 0.5796875 0.0828125 0.6484375 0.0828125 0.6484375 0.2671875 0.5796875 0.2671875