3 0.5578125 0.09375 0.6453125 0.09375 0.6453125 0.2125 0.5578125 0.2125
3 0.1109375 0.4765625 0.175 0.4765625 0.175 0.603125 0.1109375 0.603125
3 0.5671875 0.446875 0.6421875 0.446875 0.6421875 0.596875 0.5671875 0.596875
3 0.3234375 0.59375 0.4078125 0.59375 0.4078125 0.7953125 0.3234375 0.7953125
3 0.4234375 0.296875 0.496875 0.296875 0.496875 0.46875 0.4234375 0.46875
3 0.928125 0.3359375 0.9984375 0.3359375 0.9984375 0.459375 0.928125 0.459375
3 0.9171875 0.04375 0.9984375 0.04375 0.9984375 0.23125 0.9171875 0.23125
3 0.2453125 0.2234375 0.30625 0.2234375 0.30625 0.3515625 0.2453125 0.3515625
3 0.5734375 0 0.6359375 0 0.6359375 0.0515625 0.5734375 0.0515625
3 0.3 0.2609375 0.3421875 0.2609375 0.3421875 0.353125 0.3 0.353125
3 0.8875 0.5546875 0.953125 0.5546875 0.953125 0.625 0.8875 0.625
3 0.7875 0.7921875 0.853125 0.7921875 0.853125 0.903125 0.7875 0.903125