3 0.1046875 0.496875 0.1765625 0.496875 0.1765625 0.5921875 0.1046875 0.5921875
3 0.5109375 0.7640625 0.56875 0.7640625 0.56875 0.8515625 0.5109375 0.8515625
3 0.5765625 0.453125 0.6609375 0.453125 0.6609375 0.58125 0.5765625 0.58125
3 0.9328125 0.315625 1 0.315625 1 0.4671875 0.9328125 0.4671875
3 0.4234375 0.2953125 0.4953125 0.2953125 0.4953125 0.46875 0.4234375 0.46875
3 0.7484375 0.3359375 0.8140625 0.3359375 0.8140625 0.4703125 0.7484375 0.4703125
3 0.6859375 0.7421875 0.75625 0.7421875 0.75625 0.921875 0.6859375 0.921875
3 0.5765625 0 0.634375 0 0.634375 0.0546875 0.5765625 0.0546875
3 0.24375 0.2 0.346875 0.2 0.346875 0.3703125 0.24375 0.3703125
3 0.7875 0.7703125 0.8609375 0.7703125 0.8609375 0.9125 0.7875 0.9125
3 0.7046875 0.3625 0.7453125 0.3625 0.7453125 0.4640625 0.7046875 0.4640625