3 0.365625 0.0203125 0.478125 0.0203125 0.478125 0.1671875 0.365625 0.1671875
3 0.865625 0.64375 1 0.64375 1 0.796875 0.865625 0.796875
3 0.74375 0.4328125 0.8515625 0.4328125 0.8515625 0.5078125 0.74375 0.5078125
3 0.18125 0.684375 0.2359375 0.684375 0.2359375 0.7984375 0.18125 0.7984375
3 0.0078125 0.33125 0.1109375 0.33125 0.1109375 0.4859375 0.0078125 0.4859375
3 0.6546875 0.140625 0.8265625 0.140625 0.8265625 0.240625 0.6546875 0.240625
3 0.11875 0 0.1953125 0 0.1953125 0.090625 0.11875 0.090625
3 0.3640625 0.2953125 0.4609375 0.2953125 0.4609375 0.4421875 0.3640625 0.4421875
3 0.428125 0.6140625 0.4921875 0.6140625 0.4921875 0.7484375 0.428125 0.7484375
3 0.8515625 0 1 0 1 0.1859375 0.8515625 0.1859375
3 0.7828125 0.271875 1 0.271875 1 0.5078125 0.7828125 0.5078125
3 0.58125 0.55 0.709375 0.55 0.709375 0.70625 0.58125 0.70625
3 0.409375 0.48125 0.46875 0.48125 0.46875 0.5578125 0.409375 0.5578125
3 0.265625 0.23125 0.309375 0.23125 0.309375 0.2953125 0.265625 0.2953125
3 0.23125 0.346875 0.3015625 0.346875 0.3015625 0.4296875 0.23125 0.4296875
3 0.259375 0.75625 0.2828125 0.75625 0.2828125 0.7984375 0.259375 0.7984375
3 0.2484375 0.846875 0.3390625 0.846875 0.3390625 1 0.2484375 1
3 0.375 0.778125 0.446875 0.778125 0.446875 0.953125 0.375 0.953125
3 0.596875 0.09375 0.6515625 0.09375 0.6515625 0.2625 0.596875 0.2625