3 0.096875 0.4515625 0.19375 0.4515625 0.19375 0.6390625 0.096875 0.6390625
3 0.790625 0.79375 0.8671875 0.79375 0.8671875 0.965625 0.790625 0.965625
3 0.6890625 0.5421875 0.778125 0.5421875 0.778125 0.7109375 0.6890625 0.7109375
3 0.29375 0.63125 0.365625 0.63125 0.365625 0.79375 0.29375 0.79375
3 0.4078125 0 0.5453125 0 0.5453125 0.1578125 0.4078125 0.1578125
3 0.878125 0.5078125 0.95625 0.5078125 0.95625 0.66875 0.878125 0.66875
3 0.4203125 0.2953125 0.496875 0.2953125 0.496875 0.4703125 0.4203125 0.4703125
3 0.89375 0.0109375 0.9984375 0.0109375 0.9984375 0.2859375 0.89375 0.2859375
3 0.928125 0.334375 0.9984375 0.334375 0.9984375 0.459375 0.928125 0.459375
3 0.24375 0.225 0.30625 0.225 0.30625 0.35 0.24375 0.35
3 0.2984375 0.2734375 0.3515625 0.2734375 0.3515625 0.3421875 0.2984375 0.3421875
3 0.5765625 0 0.6296875 0 0.6296875 0.0328125 0.5765625 0.0328125
3 0.6828125 0.4078125 0.7578125 0.4078125 0.7578125 0.4921875 0.6828125 0.4921875
3 0.5296875 0.803125 0.559375 0.803125 0.559375 0.8546875 0.5296875 0.8546875
3 0.3625 0.6421875 0.421875 0.6421875 0.421875 0.7265625 0.3625 0.7265625