3 0.5375 0.0484375 0.659375 0.0484375 0.659375 0.26875 0.5375 0.26875
3 0.5671875 0.4453125 0.6421875 0.4453125 0.6421875 0.5984375 0.5671875 0.5984375
3 0.096875 0.4515625 0.19375 0.4515625 0.19375 0.640625 0.096875 0.640625
3 0.6640625 0.71875 0.765625 0.71875 0.765625 0.9140625 0.6640625 0.9140625
3 0.7921875 0.83125 0.8390625 0.83125 0.8390625 0.9328125 0.7921875 0.9328125
3 0.8765625 0.50625 0.9578125 0.50625 0.9578125 0.671875 0.8765625 0.671875
3 0.428125 0.3 0.4953125 0.3 0.4953125 0.4671875 0.428125 0.4671875
3 0.2421875 0.2015625 0.346875 0.2015625 0.346875 0.365625 0.2421875 0.365625
3 0.684375 0.2984375 0.790625 0.2984375 0.790625 0.4953125 0.684375 0.4953125
3 0.5734375 0 0.6375 0 0.6375 0.05 0.5734375 0.05
3 0.928125 0.33125 0.9984375 0.33125 0.9984375 0.459375 0.928125 0.459375
3 0.528125 0.7953125 0.5640625 0.7953125 0.5640625 0.8640625 0.528125 0.8640625