3 0.20625 0.278125 0.3078125 0.278125 0.3078125 0.4640625 0.20625 0.4640625
3 0.85625 0 0.975 0 0.975 0.1890625 0.85625 0.1890625
3 0.8765625 0.64375 0.9765625 0.64375 0.9765625 0.7890625 0.8765625 0.7890625
3 0.1625 0.7546875 0.290625 0.7546875 0.290625 0.9328125 0.1625 0.9328125
3 0.3671875 0.0078125 0.4578125 0.0078125 0.4578125 0.175 0.3671875 0.175
3 0.640625 0.153125 0.6953125 0.153125 0.6953125 0.2671875 0.640625 0.2671875
3 0 0.725 0.1046875 0.725 0.1046875 0.9125 0 0.9125
3 0.43125 0.6140625 0.4921875 0.6140625 0.4921875 0.7265625 0.43125 0.7265625
3 0.3828125 0.784375 0.5015625 0.784375 0.5015625 0.9484375 0.3828125 0.9484375
3 0.125 0 0.1875 0 0.1875 0.0765625 0.125 0.0765625
3 0.59375 0.09375 0.659375 0.09375 0.659375 0.265625 0.59375 0.265625
3 0 0.315625 0.0984375 0.315625 0.0984375 0.5140625 0 0.5140625
3 0.4 0.4421875 0.4609375 0.4421875 0.4609375 0.5671875 0.4 0.5671875
3 0.5890625 0.55 0.7140625 0.55 0.7140625 0.709375 0.5890625 0.709375
3 0.8546875 0.3125 1 0.3125 1 0.4921875 0.8546875 0.4921875
3 0.7390625 0.9015625 0.88125 0.9015625 0.88125 1 0.7390625 1