3 0.2234375 0.2984375 0.290625 0.2984375 0.290625 0.425 0.2234375 0.425
3 0.7296875 0.740625 0.828125 0.740625 0.828125 0.934375 0.7296875 0.934375
3 0.8703125 0.6375 0.9921875 0.6375 0.9921875 0.796875 0.8703125 0.796875
3 0.3640625 0.003125 0.4578125 0.003125 0.4578125 0.1765625 0.3640625 0.1765625
3 0.175 0.7625 0.2859375 0.7625 0.2859375 0.9296875 0.175 0.9296875
3 0 0.7234375 0.1078125 0.7234375 0.1078125 0.9078125 0 0.9078125
3 0.6546875 0.1265625 0.8203125 0.1265625 0.8203125 0.2421875 0.6546875 0.2421875
3 0.4328125 0.615625 0.490625 0.615625 0.490625 0.7203125 0.4328125 0.7203125
3 0.8421875 0.0171875 0.9734375 0.0171875 0.9734375 0.1828125 0.8421875 0.1828125
3 0.83125 0.2875 1 0.2875 1 0.4875 0.83125 0.4875
3 0.746875 0.4359375 0.8546875 0.4359375 0.8546875 0.5125 0.746875 0.5125
3 0.5890625 0.5390625 0.6953125 0.5390625 0.6953125 0.7 0.5890625 0.7
3 0.121875 0 0.1859375 0 0.1859375 0.0640625 0.121875 0.0640625
3 0 0.3171875 0.0875 0.3171875 0.0875 0.5265625 0 0.5265625
3 0.39375 0.4390625 0.465625 0.4390625 0.465625 0.559375 0.39375 0.559375
3 0.3734375 0.7703125 0.503125 0.7703125 0.503125 0.8859375 0.3734375 0.8859375
3 0.5921875 0.084375 0.6515625 0.084375 0.6515625 0.26875 0.5921875 0.26875
3 0.7625 0.9 0.8765625 0.9 0.8765625 1 0.7625 1