3 0.2171875 0.2953125 0.309375 0.2953125 0.309375 0.4203125 0.2171875 0.4203125
3 0.725 0.7390625 0.828125 0.7390625 0.828125 0.9234375 0.725 0.9234375
3 0.85625 0.0328125 0.9734375 0.0328125 0.9734375 0.159375 0.85625 0.159375
3 0.878125 0.6390625 0.9765625 0.6390625 0.9765625 0.7859375 0.878125 0.7859375
3 0.171875 0.775 0.2734375 0.775 0.2734375 0.9390625 0.171875 0.9390625
3 0.365625 0.003125 0.4578125 0.003125 0.4578125 0.16875 0.365625 0.16875
3 0.5875 0.1 0.653125 0.1 0.653125 0.26875 0.5875 0.26875
3 0 0.7046875 0.103125 0.7046875 0.103125 0.9328125 0 0.9328125
3 0.4359375 0.6171875 0.490625 0.6171875 0.490625 0.728125 0.4359375 0.728125
3 0.7609375 0.9015625 0.8828125 0.9015625 0.8828125 1 0.7609375 1
3 0.121875 0 0.1796875 0 0.1796875 0.059375 0.121875 0.059375
3 0 0.3125 0.084375 0.3125 0.084375 0.5140625 0 0.5140625
3 0.4 0.434375 0.4671875 0.434375 0.4671875 0.5734375 0.4 0.5734375
3 0.578125 0.5390625 0.715625 0.5390625 0.715625 0.703125 0.578125 0.703125
3 0.6484375 0.1671875 0.703125 0.1671875 0.703125 0.2421875 0.6484375 0.2421875
3 0.8546875 0.3203125 1 0.3203125 1 0.4859375 0.8546875 0.4859375
3 0.38125 0.784375 0.4984375 0.784375 0.4984375 0.89375 0.38125 0.89375