3 0.5359375 0.090625 0.5875 0.090625 0.5875 0.165625 0.5359375 0.165625
3 0.7671875 0.0328125 0.8265625 0.0328125 0.8265625 0.1546875 0.7671875 0.1546875
3 0.30625 0.69375 0.396875 0.69375 0.396875 0.8609375 0.30625 0.8609375
3 0.509375 0.75625 0.575 0.75625 0.575 0.909375 0.509375 0.909375
3 0.634375 0.7625 0.7109375 0.7625 0.7109375 0.90625 0.634375 0.90625
3 0.7046875 0.415625 0.7859375 0.415625 0.7859375 0.6 0.7046875 0.6
3 0.1828125 0.4515625 0.3515625 0.4515625 0.3515625 0.634375 0.1828125 0.634375
3 0.45625 0.2078125 0.534375 0.2078125 0.534375 0.3828125 0.45625 0.3828125
3 0.1984375 0.2375 0.2625 0.2375 0.2625 0.3484375 0.1984375 0.3484375
3 0.6015625 0.1765625 0.6734375 0.1765625 0.6734375 0.25 0.6015625 0.25
3 0.6875 0.16875 0.78125 0.16875 0.78125 0.2671875 0.6875 0.2671875