3 0.3640625 0.0265625 0.490625 0.0265625 0.490625 0.16875 0.3640625 0.16875
3 0.84375 0.609375 0.94375 0.609375 0.94375 0.8015625 0.84375 0.8015625
3 0.1796875 0.684375 0.2375 0.684375 0.2375 0.8015625 0.1796875 0.8015625
3 0.7390625 0.425 0.865625 0.425 0.865625 0.51875 0.7390625 0.51875
3 0.0046875 0.325 0.1125 0.325 0.1125 0.496875 0.0046875 0.496875
3 0.65625 0.14375 0.828125 0.14375 0.828125 0.2375 0.65625 0.2375
3 0.3671875 0.29375 0.4671875 0.29375 0.4671875 0.44375 0.3671875 0.44375
3 0.1171875 0 0.1984375 0 0.1984375 0.0875 0.1171875 0.0875
3 0.4296875 0.6109375 0.49375 0.6109375 0.49375 0.7734375 0.4296875 0.7734375
3 0.375 0.7546875 0.4515625 0.7546875 0.4515625 0.93125 0.375 0.93125
3 0.8515625 0 1 0 1 0.1859375 0.8515625 0.1859375
3 0.7984375 0.2625 1 0.2625 1 0.4921875 0.7984375 0.4921875
3 0.5921875 0.0859375 0.65625 0.0859375 0.65625 0.2765625 0.5921875 0.2765625
3 0.5828125 0.546875 0.7125 0.546875 0.7125 0.7078125 0.5828125 0.7078125
3 0.25 0.8390625 0.3453125 0.8390625 0.3453125 1 0.25 1
3 0.253125 0.7515625 0.2890625 0.7515625 0.2890625 0.8078125 0.253125 0.8078125
3 0.2578125 0.165625 0.3375 0.165625 0.3375 0.2875 0.2578125 0.2875
3 0.3828125 0.4625 0.4796875 0.4625 0.4796875 0.559375 0.3828125 0.559375
3 0.228125 0.3484375 0.2953125 0.3484375 0.2953125 0.4296875 0.228125 0.4296875