3 0.84375 0.6109375 0.94375 0.6109375 0.94375 0.796875 0.84375 0.796875
3 0.678125 0.13125 0.825 0.13125 0.825 0.25 0.678125 0.25
3 0.0015625 0.6578125 0.04375 0.6578125 0.04375 0.75625 0.0015625 0.75625
3 0.009375 0.3296875 0.109375 0.3296875 0.109375 0.4875 0.009375 0.4875
3 0.1203125 0 0.1953125 0 0.1953125 0.0890625 0.1203125 0.0890625
3 0.3609375 0.296875 0.4671875 0.296875 0.4671875 0.4296875 0.3609375 0.4296875
3 0.2546875 0.2078125 0.3015625 0.2078125 0.3015625 0.2953125 0.2546875 0.2953125
3 0.428125 0.609375 0.4953125 0.609375 0.4953125 0.7671875 0.428125 0.7671875
3 0.8390625 0 0.996875 0 0.996875 0.21875 0.8390625 0.21875
3 0.8046875 0.2703125 1 0.2703125 1 0.5171875 0.8046875 0.5171875
3 0.384375 0.775 0.4390625 0.775 0.4390625 0.903125 0.384375 0.903125
3 0.3890625 0.471875 0.475 0.471875 0.475 0.5671875 0.3890625 0.5671875
3 0.2375 0.7359375 0.275 0.7359375 0.275 0.7828125 0.2375 0.7828125
3 0.2234375 0.3375 0.2875 0.3375 0.2875 0.4328125 0.2234375 0.4328125