3 0.109375 0.4984375 0.1796875 0.4984375 0.1796875 0.5828125 0.109375 0.5828125
3 0.5546875 0.096875 0.65 0.096875 0.65 0.2171875 0.5546875 0.2171875
3 0.5671875 0.446875 0.6421875 0.446875 0.6421875 0.5984375 0.5671875 0.5984375
3 0.6921875 0.54375 0.775 0.54375 0.775 0.709375 0.6921875 0.709375
3 0.6640625 0.7203125 0.765625 0.7203125 0.765625 0.9109375 0.6640625 0.9109375
3 0.79375 0.834375 0.8375 0.834375 0.8375 0.93125 0.79375 0.93125
3 0.425 0.296875 0.496875 0.296875 0.496875 0.465625 0.425 0.465625
3 0.878125 0.5078125 0.9578125 0.5078125 0.9578125 0.6703125 0.878125 0.6703125
3 0.24375 0.2265625 0.30625 0.2265625 0.30625 0.3515625 0.24375 0.3515625
3 0.684375 0.3046875 0.7890625 0.3046875 0.7890625 0.4953125 0.684375 0.4953125
3 0.9265625 0.33125 0.9984375 0.33125 0.9984375 0.459375 0.9265625 0.459375
3 0.3015625 0.2546875 0.3484375 0.2546875 0.3484375 0.3453125 0.3015625 0.3453125
3 0.5765625 0 0.6296875 0 0.6296875 0.0265625 0.5765625 0.0265625
3 0.5328125 0.80625 0.5640625 0.80625 0.5640625 0.8640625 0.5328125 0.8640625
3 0.7828125 0.784375 0.859375 0.784375 0.859375 0.828125 0.7828125 0.828125