3 0.7296875 0.7453125 0.821875 0.7453125 0.821875 0.921875 0.7296875 0.921875
3 0.2265625 0.2984375 0.2875 0.2984375 0.2875 0.4375 0.2265625 0.4375
3 0.8703125 0.6421875 1 0.6421875 1 0.7953125 0.8703125 0.7953125
3 0.3640625 0.003125 0.459375 0.003125 0.459375 0.171875 0.3640625 0.171875
3 0.16875 0.75 0.2859375 0.75 0.2859375 0.9515625 0.16875 0.9515625
3 0.65625 0.1296875 0.825 0.1296875 0.825 0.246875 0.65625 0.246875
3 0 0.721875 0.1109375 0.721875 0.1109375 0.9234375 0 0.9234375
3 0.4296875 0.6140625 0.4921875 0.6140625 0.4921875 0.734375 0.4296875 0.734375
3 0.1265625 0 0.18125 0 0.18125 0.065625 0.1265625 0.065625
3 0 0.309375 0.090625 0.309375 0.090625 0.5125 0 0.5125
3 0.4046875 0.4359375 0.471875 0.4359375 0.471875 0.565625 0.4046875 0.565625
3 0.3734375 0.7765625 0.4984375 0.7765625 0.4984375 0.8953125 0.3734375 0.8953125
3 0.5921875 0.5453125 0.7 0.5453125 0.7 0.709375 0.5921875 0.709375
3 0.5875 0.090625 0.6546875 0.090625 0.6546875 0.26875 0.5875 0.26875
3 0.8546875 0 1 0 1 0.1734375 0.8546875 0.1734375
3 0.8515625 0.303125 1 0.303125 1 0.490625 0.8515625 0.490625
3 0.7484375 0.4421875 0.8546875 0.4421875 0.8546875 0.5171875 0.7484375 0.5171875
3 0.746875 0.9125 0.890625 0.9125 0.890625 1 0.746875 1