3 0.2078125 0.278125 0.309375 0.278125 0.309375 0.4625 0.2078125 0.4625
3 0 0.7453125 0.109375 0.7453125 0.109375 0.9 0 0.9
3 0.875 0.6296875 1 0.6296875 1 0.8140625 0.875 0.8140625
3 0.8484375 0.209375 0.99375 0.209375 0.99375 0.521875 0.8484375 0.521875
3 0.575 0.0828125 0.7 0.0828125 0.7 0.31875 0.575 0.31875
3 0.4328125 0.6171875 0.490625 0.6171875 0.490625 0.7203125 0.4328125 0.7203125
3 0 0.321875 0.0890625 0.321875 0.0890625 0.5265625 0 0.5265625
3 0.396875 0.4234375 0.4625 0.4234375 0.4625 0.575 0.396875 0.575
3 0.578125 0.5390625 0.7078125 0.5390625 0.7078125 0.709375 0.578125 0.709375
3 0.7375 0.89375 0.8859375 0.89375 0.8859375 1 0.7375 1
3 0.3796875 0.796875 0.4421875 0.796875 0.4421875 0.8984375 0.3796875 0.8984375