3 0.73125 0.7453125 0.8296875 0.7453125 0.8296875 0.9234375 0.73125 0.9234375
3 0.221875 0.29375 0.290625 0.29375 0.290625 0.4390625 0.221875 0.4390625
3 0.253125 0.74375 0.2921875 0.74375 0.2921875 0.828125 0.253125 0.828125
3 0.86875 0.634375 0.996875 0.634375 0.996875 0.7953125 0.86875 0.7953125
3 0.3640625 0.0015625 0.4546875 0.0015625 0.4546875 0.16875 0.3640625 0.16875
3 0.11875 0.4453125 0.228125 0.4453125 0.228125 0.61875 0.11875 0.61875
3 0.7265625 0.3828125 0.8796875 0.3828125 0.8796875 0.6015625 0.7265625 0.6015625
3 0.65625 0.14375 0.828125 0.14375 0.828125 0.253125 0.65625 0.253125
3 0.1171875 0 0.1984375 0 0.1984375 0.0875 0.1171875 0.0875
3 0 0.321875 0.0796875 0.321875 0.0796875 0.4625 0 0.4625
3 0.5875 0.09375 0.6421875 0.09375 0.6421875 0.2703125 0.5875 0.2703125
3 0.8609375 0 0.996875 0 0.996875 0.1609375 0.8609375 0.1609375
3 0.85 0.3046875 0.996875 0.3046875 0.996875 0.46875 0.85 0.46875
3 0.753125 0.9203125 0.8828125 0.9203125 0.8828125 1 0.753125 1
3 0.3984375 0.4375 0.46875 0.4375 0.46875 0.578125 0.3984375 0.578125
3 0.5875 0.54375 0.70625 0.54375 0.70625 0.70625 0.5875 0.70625
3 0.4359375 0.634375 0.49375 0.634375 0.49375 0.7078125 0.4359375 0.7078125