3 0.2296875 0.2953125 0.2984375 0.2953125 0.2984375 0.421875 0.2296875 0.421875
3 0.3609375 0.303125 0.4703125 0.303125 0.4703125 0.4375 0.3609375 0.4375
3 0.8421875 0.6125 0.94375 0.6125 0.94375 0.7921875 0.8421875 0.7921875
3 0.1546875 0.68125 0.2390625 0.68125 0.2390625 0.85625 0.1546875 0.85625
3 0.746875 0.4359375 0.8515625 0.4359375 0.8515625 0.515625 0.746875 0.515625
3 0.2328125 0.528125 0.359375 0.528125 0.359375 0.628125 0.2328125 0.628125
3 0.2515625 0.7453125 0.29375 0.7453125 0.29375 0.8265625 0.2515625 0.8265625
3 0.6484375 0.1328125 0.83125 0.1328125 0.83125 0.2546875 0.6484375 0.2546875
3 0.353125 0.034375 0.5171875 0.034375 0.5171875 0.284375 0.353125 0.284375
3 0.8375 0.003125 1 0.003125 1 0.23125 0.8375 0.23125
3 0.8453125 0.29375 1 0.29375 1 0.496875 0.8453125 0.496875
3 0.109375 0 0.1859375 0 0.1859375 0.0828125 0.109375 0.0828125
3 0 0.315625 0.103125 0.315625 0.103125 0.5421875 0 0.5421875
3 0.2515625 0.8453125 0.3453125 0.8453125 0.3453125 1 0.2515625 1
3 0.5859375 0.54375 0.7015625 0.54375 0.7015625 0.70625 0.5859375 0.70625
3 0.403125 0.4484375 0.465625 0.4484375 0.465625 0.5640625 0.403125 0.5640625
3 0.44375 0.640625 0.4828125 0.640625 0.4828125 0.7109375 0.44375 0.7109375
3 0.5921875 0.0859375 0.6515625 0.0859375 0.6515625 0.26875 0.5921875 0.26875
3 0.365625 0.7953125 0.4328125 0.7953125 0.4328125 0.88125 0.365625 0.88125