3 0.225 0.2984375 0.3015625 0.2984375 0.3015625 0.4234375 0.225 0.4234375
3 0.3578125 0.3078125 0.4765625 0.3078125 0.4765625 0.4203125 0.3578125 0.4203125
3 0.8734375 0.6390625 1 0.6390625 1 0.7953125 0.8734375 0.7953125
3 0.15625 0.6828125 0.2375 0.6828125 0.2375 0.853125 0.15625 0.853125
3 0.740625 0.4375 0.859375 0.4375 0.859375 0.5171875 0.740625 0.5171875
3 0.2265625 0.5296875 0.359375 0.5296875 0.359375 0.621875 0.2265625 0.621875
3 0.65 0.140625 0.821875 0.140625 0.821875 0.2390625 0.65 0.2390625
3 0.35625 0.0328125 0.5171875 0.0328125 0.5171875 0.275 0.35625 0.275
3 0.3515625 0.7390625 0.4578125 0.7390625 0.4578125 0.940625 0.3515625 0.940625
3 0.25 0.7453125 0.29375 0.7453125 0.29375 0.8265625 0.25 0.8265625
3 0.8515625 0 1 0 1 0.190625 0.8515625 0.190625
3 0.8515625 0.2703125 1 0.2703125 1 0.4921875 0.8515625 0.4921875
3 0.121875 0 0.1875 0 0.1875 0.0765625 0.121875 0.0765625
3 0 0.315625 0.090625 0.315625 0.090625 0.534375 0 0.534375
3 0.2453125 0.8515625 0.34375 0.8515625 0.34375 1 0.2453125 1
3 0.4 0.4421875 0.46875 0.4421875 0.46875 0.5625 0.4 0.5625
3 0.440625 0.6421875 0.496875 0.6421875 0.496875 0.7078125 0.440625 0.7078125
3 0.58125 0.5359375 0.7078125 0.5359375 0.7078125 0.70625 0.58125 0.70625
3 0.584375 0.0796875 0.653125 0.0796875 0.653125 0.278125 0.584375 0.278125