3 0.21875 0.2953125 0.3 0.2953125 0.3 0.41875 0.21875 0.41875
3 0.853125 0 0.9671875 0 0.9671875 0.225 0.853125 0.225
3 0.8796875 0.63125 0.9765625 0.63125 0.9765625 0.8109375 0.8796875 0.8109375
3 0.1828125 0.765625 0.2703125 0.765625 0.2703125 0.928125 0.1828125 0.928125
3 0.590625 0.0921875 0.65625 0.0921875 0.65625 0.259375 0.590625 0.259375
3 0.3453125 0 0.465625 0 0.465625 0.1609375 0.3453125 0.1609375
3 0 0.7171875 0.1 0.7171875 0.1 0.915625 0 0.915625
3 0.43125 0.6171875 0.490625 0.6171875 0.490625 0.71875 0.43125 0.71875
3 0.8484375 0.321875 1 0.321875 1 0.4796875 0.8484375 0.4796875
3 0 0.321875 0.090625 0.321875 0.090625 0.53125 0 0.53125
3 0.4015625 0.4484375 0.4671875 0.4484375 0.4671875 0.5703125 0.4015625 0.5703125
3 0.1125 0 0.1890625 0 0.1890625 0.0765625 0.1125 0.0765625
3 0.36875 0.778125 0.50625 0.778125 0.50625 0.8859375 0.36875 0.8859375
3 0.5859375 0.540625 0.715625 0.540625 0.715625 0.703125 0.5859375 0.703125
3 0.646875 0.1703125 0.6953125 0.1703125 0.6953125 0.2390625 0.646875 0.2390625
3 0.73125 0.7375 0.8328125 0.7375 0.8328125 0.915625 0.73125 0.915625
3 0.7546875 0.903125 0.875 0.903125 0.875 1 0.7546875 1