3 0.21875 0.2890625 0.303125 0.2890625 0.303125 0.428125 0.21875 0.428125
3 0.3625 0.275 0.4703125 0.275 0.4703125 0.43125 0.3625 0.43125
3 0.865625 0.6203125 1 0.6203125 1 0.7953125 0.865625 0.7953125
3 0.25 0.74375 0.29375 0.74375 0.29375 0.8296875 0.25 0.8296875
3 0.128125 0.703125 0.225 0.703125 0.225 0.8484375 0.128125 0.8484375
3 0.7484375 0.4359375 0.853125 0.4359375 0.853125 0.5109375 0.7484375 0.5109375
3 0.65625 0.125 0.825 0.125 0.825 0.2578125 0.65625 0.2578125
3 0.2265625 0.5359375 0.3734375 0.5359375 0.3734375 0.6171875 0.2265625 0.6171875
3 0.3734375 0.0359375 0.509375 0.0359375 0.509375 0.284375 0.3734375 0.284375
3 0.1140625 0 0.1875 0 0.1875 0.071875 0.1140625 0.071875
3 0 0.321875 0.090625 0.321875 0.090625 0.5203125 0 0.5203125
3 0.4015625 0.4484375 0.46875 0.4484375 0.46875 0.5703125 0.4015625 0.5703125
3 0.4234375 0.6359375 0.4921875 0.6359375 0.4921875 0.7109375 0.4234375 0.7109375
3 0.5875 0.5453125 0.7109375 0.5453125 0.7109375 0.7078125 0.5875 0.7078125
3 0.596875 0.0765625 0.6515625 0.0765625 0.6515625 0.2671875 0.596875 0.2671875
3 0.8515625 0.2953125 1 0.2953125 1 0.484375 0.8515625 0.484375
3 0.853125 0 1 0 1 0.1859375 0.853125 0.1859375
3 0.240625 0.846875 0.34375 0.846875 0.34375 1 0.240625 1