3 0.5546875 0.0921875 0.64375 0.0921875 0.64375 0.221875 0.5546875 0.221875
3 0.10625 0.5046875 0.1765625 0.5046875 0.1765625 0.5859375 0.10625 0.5859375
3 0.5109375 0.753125 0.56875 0.753125 0.56875 0.8703125 0.5109375 0.8703125
3 0.8890625 0.553125 0.95 0.553125 0.95 0.665625 0.8890625 0.665625
3 0.571875 0.4515625 0.6671875 0.4515625 0.6671875 0.5796875 0.571875 0.5796875
3 0.9328125 0.315625 1 0.315625 1 0.4671875 0.9328125 0.4671875
3 0.4265625 0.296875 0.4953125 0.296875 0.4953125 0.46875 0.4265625 0.46875
3 0.6765625 0.7421875 0.765625 0.7421875 0.765625 0.9203125 0.6765625 0.9203125
3 0.2421875 0.1984375 0.3453125 0.1984375 0.3453125 0.3671875 0.2421875 0.3671875
3 0.703125 0.3625 0.7453125 0.3625 0.7453125 0.4703125 0.703125 0.4703125
3 0.790625 0.75625 0.86875 0.75625 0.86875 0.9203125 0.790625 0.9203125
3 0.5765625 0 0.6375 0 0.6375 0.0296875 0.5765625 0.0296875
3 0.7515625 0.33125 0.821875 0.33125 0.821875 0.478125 0.7515625 0.478125