3 0.21875 0.2921875 0.303125 0.2921875 0.303125 0.425 0.21875 0.425
3 0.7140625 0.7546875 0.83125 0.7546875 0.83125 0.9265625 0.7140625 0.9265625
3 0.859375 0 0.975 0 0.975 0.2171875 0.859375 0.2171875
3 0.8796875 0.6375 0.9796875 0.6375 0.9796875 0.8140625 0.8796875 0.8140625
3 0.175 0.7828125 0.2703125 0.7828125 0.2703125 0.9203125 0.175 0.9203125
3 0 0.728125 0.103125 0.728125 0.103125 0.9234375 0 0.9234375
3 0.353125 0.003125 0.453125 0.003125 0.453125 0.184375 0.353125 0.184375
3 0.7328125 0.434375 0.878125 0.434375 0.878125 0.5234375 0.7328125 0.5234375
3 0.7 0.1453125 0.8296875 0.1453125 0.8296875 0.246875 0.7 0.246875
3 0.5828125 0.09375 0.6984375 0.09375 0.6984375 0.271875 0.5828125 0.271875
3 0.4 0.421875 0.4765625 0.421875 0.4765625 0.559375 0.4 0.559375
3 0.4296875 0.640625 0.4921875 0.640625 0.4921875 0.6921875 0.4296875 0.6921875
3 0.3703125 0.7796875 0.5015625 0.7796875 0.5015625 0.8890625 0.3703125 0.8890625
3 0.1203125 0 0.19375 0 0.19375 0.0765625 0.1203125 0.0765625
3 0 0.3125 0.09375 0.3125 0.09375 0.521875 0 0.521875
3 0.5703125 0.5328125 0.6984375 0.5328125 0.6984375 0.70625 0.5703125 0.70625
3 0.8515625 0.3265625 1 0.3265625 1 0.4859375 0.8515625 0.4859375
3 0.746875 0.90625 0.89375 0.90625 0.89375 1 0.746875 1