3 0.3625 0.0265625 0.4765625 0.0265625 0.4765625 0.1484375 0.3625 0.1484375
3 0.8703125 0.6359375 1 0.6359375 1 0.8140625 0.8703125 0.8140625
3 0.746875 0.4375 0.865625 0.4375 0.865625 0.5078125 0.746875 0.5078125
3 0.18125 0.68125 0.240625 0.68125 0.240625 0.803125 0.18125 0.803125
3 0.6484375 0.146875 0.81875 0.146875 0.81875 0.2359375 0.6484375 0.2359375
3 0.00625 0.3265625 0.1125 0.3265625 0.1125 0.49375 0.00625 0.49375
3 0.375 0.315625 0.4765625 0.315625 0.4765625 0.4671875 0.375 0.4671875
3 0.11875 0 0.196875 0 0.196875 0.0875 0.11875 0.0875
3 0.428125 0.6140625 0.490625 0.6140625 0.490625 0.7375 0.428125 0.7375
3 0.8546875 0 1 0 1 0.1921875 0.8546875 0.1921875
3 0.8015625 0.246875 1 0.246875 1 0.478125 0.8015625 0.478125
3 0.5890625 0.0828125 0.6546875 0.0828125 0.6546875 0.271875 0.5890625 0.271875
3 0.5859375 0.5328125 0.6984375 0.5328125 0.6984375 0.7125 0.5859375 0.7125
3 0.40625 0.475 0.4703125 0.475 0.4703125 0.565625 0.40625 0.565625
3 0.2234375 0.3296875 0.3015625 0.3296875 0.3015625 0.43125 0.2234375 0.43125
3 0.25625 0.7484375 0.2875 0.7484375 0.2875 0.8078125 0.25625 0.8078125
3 0.2515625 0.840625 0.3421875 0.840625 0.3421875 1 0.2515625 1
3 0.3671875 0.7921875 0.4421875 0.7921875 0.4421875 0.9109375 0.3671875 0.9109375
3 0.2640625 0.228125 0.315625 0.228125 0.315625 0.2890625 0.2640625 0.2890625