3 0.221875 0.2953125 0.2890625 0.2953125 0.2890625 0.4203125 0.221875 0.4203125
3 0.7359375 0.746875 0.8203125 0.746875 0.8203125 0.9296875 0.7359375 0.9296875
3 0.865625 0.6484375 1 0.6484375 1 0.7953125 0.865625 0.7953125
3 0.1671875 0.7546875 0.2765625 0.7546875 0.2765625 0.928125 0.1671875 0.928125
3 0.3546875 0.00625 0.4546875 0.00625 0.4546875 0.159375 0.3546875 0.159375
3 0.653125 0.1390625 0.8234375 0.1390625 0.8234375 0.2515625 0.653125 0.2515625
3 0 0.71875 0.1 0.71875 0.1 0.9203125 0 0.9203125
3 0.753125 0.428125 0.85625 0.428125 0.85625 0.53125 0.753125 0.53125
3 0.43125 0.6109375 0.4921875 0.6109375 0.4921875 0.734375 0.43125 0.734375
3 0.365625 0.7671875 0.5078125 0.7671875 0.5078125 0.8890625 0.365625 0.8890625
3 0.1234375 0 0.18125 0 0.18125 0.06875 0.1234375 0.06875
3 0 0.3171875 0.084375 0.3171875 0.084375 0.521875 0 0.521875
3 0.396875 0.4375 0.4671875 0.4375 0.4671875 0.5703125 0.396875 0.5703125
3 0.5796875 0.54375 0.703125 0.54375 0.703125 0.7015625 0.5796875 0.7015625
3 0.7515625 0.9125 0.8828125 0.9125 0.8828125 1 0.7515625 1
3 0.859375 0.00625 0.9890625 0.00625 0.9890625 0.1546875 0.859375 0.1546875
3 0.865625 0.2890625 1 0.2890625 1 0.4796875 0.865625 0.4796875
3 0.59375 0.0859375 0.65625 0.0859375 0.65625 0.28125 0.59375 0.28125