3 0.096875 0.4515625 0.1921875 0.4515625 0.1921875 0.6390625 0.096875 0.6390625
3 0.5390625 0.046875 0.6609375 0.046875 0.6609375 0.2671875 0.5390625 0.2671875
3 0.5671875 0.4453125 0.6421875 0.4453125 0.6421875 0.5984375 0.5671875 0.5984375
3 0.6640625 0.71875 0.765625 0.71875 0.765625 0.9171875 0.6640625 0.9171875
3 0.4265625 0.2984375 0.496875 0.2984375 0.496875 0.4671875 0.4265625 0.4671875
3 0.88125 0.509375 0.95625 0.509375 0.95625 0.6703125 0.88125 0.6703125
3 0.7921875 0.8328125 0.8390625 0.8328125 0.8390625 0.9328125 0.7921875 0.9328125
3 0.24375 0.2 0.346875 0.2 0.346875 0.3671875 0.24375 0.3671875
3 0.6828125 0.29375 0.79375 0.29375 0.79375 0.496875 0.6828125 0.496875
3 0.575 0 0.6359375 0 0.6359375 0.0515625 0.575 0.0515625
3 0.946875 0.36875 0.99375 0.36875 0.99375 0.45 0.946875 0.45
3 0.5328125 0.80625 0.5578125 0.80625 0.5578125 0.871875 0.5328125 0.871875
3 0.7859375 0.7765625 0.8765625 0.7765625 0.8765625 0.8171875 0.7859375 0.8171875