3 0.728125 0.7375 0.8234375 0.7375 0.8234375 0.9234375 0.728125 0.9234375
3 0.2265625 0.3046875 0.2921875 0.3046875 0.2921875 0.4265625 0.2265625 0.4265625
3 0.8765625 0.64375 0.990625 0.64375 0.990625 0.7984375 0.8765625 0.7984375
3 0.171875 0.75625 0.2875 0.75625 0.2875 0.9296875 0.171875 0.9296875
3 0.3640625 0.003125 0.4609375 0.003125 0.4609375 0.1734375 0.3640625 0.1734375
3 0 0.734375 0.1046875 0.734375 0.1046875 0.9125 0 0.9125
3 0.7515625 0.41875 0.85625 0.41875 0.85625 0.5296875 0.7515625 0.5296875
3 0.6546875 0.140625 0.81875 0.140625 0.81875 0.246875 0.6546875 0.246875
3 0.434375 0.6140625 0.49375 0.6140625 0.49375 0.7296875 0.434375 0.7296875
3 0 0.315625 0.0921875 0.315625 0.0921875 0.5171875 0 0.5171875
3 0.1140625 0 0.1828125 0 0.1828125 0.0765625 0.1140625 0.0765625
3 0.39375 0.4390625 0.46875 0.4390625 0.46875 0.5578125 0.39375 0.5578125
3 0.5890625 0.5453125 0.709375 0.5453125 0.709375 0.7140625 0.5890625 0.7140625
3 0.5859375 0.084375 0.65625 0.084375 0.65625 0.2703125 0.5859375 0.2703125
3 0.85625 0.0296875 1 0.0296875 1 0.1796875 0.85625 0.1796875
3 0.85 0.3 1 0.3 1 0.471875 0.85 0.471875
3 0.746875 0.8953125 0.890625 0.8953125 0.890625 1 0.746875 1
3 0.3578125 0.775 0.503125 0.775 0.503125 0.94375 0.3578125 0.94375