3 0.221875 0.29375 0.2984375 0.29375 0.2984375 0.4265625 0.221875 0.4265625
3 0.7203125 0.7390625 0.834375 0.7390625 0.834375 0.93125 0.7203125 0.93125
3 0.8625 0.65 0.9875 0.65 0.9875 0.7953125 0.8625 0.7953125
3 0.1640625 0.76875 0.2796875 0.76875 0.2796875 0.9265625 0.1640625 0.9265625
3 0.3640625 0.0015625 0.453125 0.0015625 0.453125 0.1796875 0.3640625 0.1796875
3 0.65 0.1375 0.8296875 0.1375 0.8296875 0.2453125 0.65 0.2453125
3 0 0.728125 0.1 0.728125 0.1 0.9125 0 0.9125
3 0.3625 0.7546875 0.5140625 0.7546875 0.5140625 0.903125 0.3625 0.903125
3 0.434375 0.6140625 0.4921875 0.6140625 0.4921875 0.7328125 0.434375 0.7328125
3 0.746875 0.4375 0.8546875 0.4375 0.8546875 0.521875 0.746875 0.521875
3 0.8546875 0.0265625 0.9890625 0.0265625 0.9890625 0.2078125 0.8546875 0.2078125
3 0.8640625 0.3140625 0.99375 0.3140625 0.99375 0.4765625 0.8640625 0.4765625
3 0.1234375 0 0.1890625 0 0.1890625 0.084375 0.1234375 0.084375
3 0 0.3203125 0.096875 0.3203125 0.096875 0.528125 0 0.528125
3 0.39375 0.4234375 0.4671875 0.4234375 0.4671875 0.575 0.39375 0.575
3 0.5828125 0.5453125 0.7078125 0.5453125 0.7078125 0.7125 0.5828125 0.7125
3 0.7515625 0.909375 0.8859375 0.909375 0.8859375 1 0.7515625 1
3 0.578125 0.0828125 0.6640625 0.0828125 0.6640625 0.2734375 0.578125 0.2734375