3 0.221875 0.3 0.290625 0.3 0.290625 0.4109375 0.221875 0.4109375
3 0 0.7609375 0.1046875 0.7609375 0.1046875 0.9 0 0.9
3 0.5390625 0 0.8921875 0 0.8921875 0.41875 0.5390625 0.41875
3 0.896875 0 0.9984375 0 0.9984375 0.25625 0.896875 0.25625
3 0.8796875 0.175 0.9140625 0.175 0.9140625 0.2359375 0.8796875 0.2359375
3 0.43125 0.6140625 0.4921875 0.6140625 0.4921875 0.7328125 0.43125 0.7328125
3 0.646875 0.3890625 0.7515625 0.3890625 0.7515625 0.5234375 0.646875 0.5234375
3 0.5859375 0.5359375 0.709375 0.5359375 0.709375 0.7078125 0.5859375 0.7078125
3 0.7421875 0.903125 0.8953125 0.903125 0.8953125 1 0.7421875 1
3 0.403125 0.4328125 0.4640625 0.4328125 0.4640625 0.5828125 0.403125 0.5828125
3 0 0.29375 0.0734375 0.29375 0.0734375 0.5390625 0 0.5390625