3 0.2234375 0.2984375 0.2921875 0.2984375 0.2921875 0.415625 0.2234375 0.415625
3 0.73125 0.7421875 0.821875 0.7421875 0.821875 0.921875 0.73125 0.921875
3 0.8734375 0.6421875 0.9921875 0.6421875 0.9921875 0.8046875 0.8734375 0.8046875
3 0.175 0.784375 0.284375 0.784375 0.284375 0.9328125 0.175 0.9328125
3 0.365625 0.009375 0.4546875 0.009375 0.4546875 0.1671875 0.365625 0.1671875
3 0.6546875 0.1328125 0.834375 0.1328125 0.834375 0.2375 0.6546875 0.2375
3 0 0.7234375 0.0984375 0.7234375 0.0984375 0.9265625 0 0.9265625
3 0.75625 0.4203125 0.8546875 0.4203125 0.8546875 0.534375 0.75625 0.534375
3 0.43125 0.6109375 0.4921875 0.6109375 0.4921875 0.7359375 0.43125 0.7359375
3 0 0.3203125 0.0984375 0.3203125 0.0984375 0.5328125 0 0.5328125
3 0.1171875 0 0.1984375 0 0.1984375 0.0828125 0.1171875 0.0828125
3 0.3953125 0.4171875 0.4671875 0.4171875 0.4671875 0.571875 0.3953125 0.571875
3 0.353125 0.784375 0.5046875 0.784375 0.5046875 0.9015625 0.353125 0.9015625
3 0.584375 0.540625 0.709375 0.540625 0.709375 0.7140625 0.584375 0.7140625
3 0.5765625 0.09375 0.6625 0.09375 0.6625 0.26875 0.5765625 0.26875
3 0.8453125 0.034375 0.9953125 0.034375 0.9953125 0.1734375 0.8453125 0.1734375
3 0.8453125 0.30625 1 0.30625 1 0.4984375 0.8453125 0.4984375
3 0.734375 0.8953125 0.8953125 0.8953125 0.8953125 1 0.734375 1