3 0.0578125 0.6984375 0.1296875 0.6984375 0.1296875 0.909375 0.0578125 0.909375
3 0.215625 0.278125 0.303125 0.278125 0.303125 0.4484375 0.215625 0.4484375
3 0.8734375 0.640625 1 0.640625 1 0.7953125 0.8734375 0.7953125
3 0.253125 0.74375 0.2921875 0.74375 0.2921875 0.828125 0.253125 0.828125
3 0.371875 0 0.5421875 0 0.5421875 0.2234375 0.371875 0.2234375
3 0.35 0.75625 0.45625 0.75625 0.45625 0.9296875 0.35 0.9296875
3 0.753125 0.425 0.8546875 0.425 0.8546875 0.5328125 0.753125 0.5328125
3 0.6515625 0.1375 0.821875 0.1375 0.821875 0.2453125 0.6515625 0.2453125
3 0.1203125 0.465625 0.2265625 0.465625 0.2265625 0.6078125 0.1203125 0.6078125
3 0.1234375 0 0.196875 0 0.196875 0.08125 0.1234375 0.08125
3 0 0.321875 0.08125 0.321875 0.08125 0.5203125 0 0.5203125
3 0.584375 0.5453125 0.7046875 0.5453125 0.7046875 0.70625 0.584375 0.70625
3 0.4 0.434375 0.465625 0.434375 0.465625 0.5703125 0.4 0.5703125
3 0.434375 0.646875 0.503125 0.646875 0.503125 0.7078125 0.434375 0.7078125
3 0.590625 0.0828125 0.6484375 0.0828125 0.6484375 0.2703125 0.590625 0.2703125
3 0.865625 0 1 0 1 0.1984375 0.865625 0.1984375
3 0.8546875 0.31875 1 0.31875 1 0.4828125 0.8546875 0.4828125
3 0.24375 0.8421875 0.346875 0.8421875 0.346875 1 0.24375 1