3 0.221875 0.2890625 0.296875 0.2890625 0.296875 0.434375 0.221875 0.434375
3 0.740625 0.746875 0.8234375 0.746875 0.8234375 0.915625 0.740625 0.915625
3 0.8734375 0.63125 0.9921875 0.63125 0.9921875 0.79375 0.8734375 0.79375
3 0.1765625 0.7578125 0.2828125 0.7578125 0.2828125 0.9265625 0.1765625 0.9265625
3 0.6515625 0.1296875 0.821875 0.1296875 0.821875 0.2546875 0.6515625 0.2546875
3 0.365625 0.0078125 0.4640625 0.0078125 0.4640625 0.178125 0.365625 0.178125
3 0 0.715625 0.1078125 0.715625 0.1078125 0.93125 0 0.93125
3 0.74375 0.4296875 0.8609375 0.4296875 0.8609375 0.53125 0.74375 0.53125
3 0.11875 0 0.196875 0 0.196875 0.0859375 0.11875 0.0859375
3 0.8453125 0.065625 0.9640625 0.065625 0.9640625 0.16875 0.8453125 0.16875
3 0.5796875 0.090625 0.6546875 0.090625 0.6546875 0.2671875 0.5796875 0.2671875
3 0 0.3296875 0.0890625 0.3296875 0.0890625 0.515625 0 0.515625
3 0.3953125 0.4359375 0.465625 0.4359375 0.465625 0.5671875 0.3953125 0.5671875
3 0.36875 0.7734375 0.51875 0.7734375 0.51875 0.896875 0.36875 0.896875
3 0.5875 0.5453125 0.7046875 0.5453125 0.7046875 0.6984375 0.5875 0.6984375
3 0.853125 0.303125 0.996875 0.303125 0.996875 0.465625 0.853125 0.465625
3 0.753125 0.903125 0.88125 0.903125 0.88125 1 0.753125 1
3 0.4234375 0.6296875 0.5 0.6296875 0.5 0.7125 0.4234375 0.7125