3 0.225 0.29375 0.2921875 0.29375 0.2921875 0.41875 0.225 0.41875
3 0.7203125 0.7515625 0.8265625 0.7515625 0.8265625 0.94375 0.7203125 0.94375
3 0.8609375 0.6390625 0.990625 0.6390625 0.990625 0.7953125 0.8609375 0.7953125
3 0.171875 0.775 0.28125 0.775 0.28125 0.9234375 0.171875 0.9234375
3 0.3625 0.003125 0.4625 0.003125 0.4625 0.1828125 0.3625 0.1828125
3 0 0.7265625 0.1125 0.7265625 0.1125 0.9078125 0 0.9078125
3 0.74375 0.4296875 0.8609375 0.4296875 0.8609375 0.5265625 0.74375 0.5265625
3 0.659375 0.1421875 0.8234375 0.1421875 0.8234375 0.2515625 0.659375 0.2515625
3 0.43125 0.6140625 0.490625 0.6140625 0.490625 0.71875 0.43125 0.71875
3 0.85 0.0234375 0.9953125 0.0234375 0.9953125 0.20625 0.85 0.20625
3 0.8484375 0.2703125 1 0.2703125 1 0.4828125 0.8484375 0.4828125
3 0.7453125 0.903125 0.884375 0.903125 0.884375 1 0.7453125 1
3 0.1203125 0 0.1890625 0 0.1890625 0.078125 0.1203125 0.078125
3 0 0.3171875 0.0921875 0.3171875 0.0921875 0.5125 0 0.5125
3 0.365625 0.7734375 0.5046875 0.7734375 0.5046875 0.8875 0.365625 0.8875
3 0.40625 0.4203125 0.4625 0.4203125 0.4625 0.5796875 0.40625 0.5796875
3 0.58125 0.5390625 0.709375 0.5390625 0.709375 0.7140625 0.58125 0.7140625
3 0.5859375 0.0765625 0.65625 0.0765625 0.65625 0.2734375 0.5859375 0.2734375