3 0.19375 0.7578125 0.303125 0.7578125 0.303125 0.928125 0.19375 0.928125
3 0 0.7453125 0.1 0.7453125 0.1 0.8875 0 0.8875
3 0.2234375 0.2921875 0.2890625 0.2921875 0.2890625 0.428125 0.2234375 0.428125
3 0.8671875 0.61875 0.965625 0.61875 0.965625 0.803125 0.8671875 0.803125
3 0.3609375 0.00625 0.459375 0.00625 0.459375 0.1625 0.3609375 0.1625
3 0.6421875 0.1515625 0.6953125 0.1515625 0.6953125 0.2640625 0.6421875 0.2640625
3 0.36875 0.7734375 0.5 0.7734375 0.5 0.884375 0.36875 0.884375
3 0.590625 0.1015625 0.653125 0.1015625 0.653125 0.2734375 0.590625 0.2734375
3 0 0.3109375 0.0828125 0.3109375 0.0828125 0.50625 0 0.50625
3 0.4015625 0.4421875 0.4625 0.4421875 0.4625 0.56875 0.4015625 0.56875
3 0.5859375 0.5328125 0.7046875 0.5328125 0.7046875 0.703125 0.5859375 0.703125
3 0.43125 0.6296875 0.50625 0.6296875 0.50625 0.7015625 0.43125 0.7015625
3 0.728125 0.8921875 0.89375 0.8921875 0.89375 1 0.728125 1
3 0.846875 0.29375 1 0.29375 1 0.496875 0.846875 0.496875