3 0.18125 0.684375 0.2375 0.684375 0.2375 0.7953125 0.18125 0.7953125
3 0.690625 0.15 0.828125 0.15 0.828125 0.2328125 0.690625 0.2328125
3 0.253125 0.215625 0.3 0.215625 0.3 0.2984375 0.253125 0.2984375
3 0.0046875 0.3296875 0.1125 0.3296875 0.1125 0.49375 0.0046875 0.49375
3 0.1171875 0 0.1953125 0 0.1953125 0.0890625 0.1171875 0.0890625
3 0.434375 0.6234375 0.4875 0.6234375 0.4875 0.7078125 0.434375 0.7078125
3 0.828125 0.6046875 0.9421875 0.6046875 0.9421875 0.803125 0.828125 0.803125
3 0.36875 0.3046875 0.4546875 0.3046875 0.4546875 0.409375 0.36875 0.409375
3 0.4140625 0.496875 0.4796875 0.496875 0.4796875 0.5859375 0.4140625 0.5859375
3 0.259375 0.75625 0.2859375 0.75625 0.2859375 0.7984375 0.259375 0.7984375
3 0.253125 0.846875 0.3484375 0.846875 0.3484375 1 0.253125 1
3 0.8578125 0.065625 0.925 0.065625 0.925 0.1765625 0.8578125 0.1765625
3 0.8578125 0.259375 0.8953125 0.259375 0.8953125 0.35 0.8578125 0.35
3 0.93125 0.3078125 0.9984375 0.3078125 0.9984375 0.4875 0.93125 0.4875