3 0.2109375 0.2921875 0.3046875 0.2921875 0.3046875 0.440625 0.2109375 0.440625
3 0.3609375 0.3046875 0.4734375 0.3046875 0.4734375 0.4203125 0.3609375 0.4203125
3 0.875 0.640625 1 0.640625 1 0.7953125 0.875 0.7953125
3 0.159375 0.69375 0.2265625 0.69375 0.2265625 0.815625 0.159375 0.815625
3 0.2375 0.51875 0.3609375 0.51875 0.3609375 0.6328125 0.2375 0.6328125
3 0.65625 0.1265625 0.8296875 0.1265625 0.8296875 0.2484375 0.65625 0.2484375
3 0.25 0.74375 0.29375 0.74375 0.29375 0.828125 0.25 0.828125
3 0.7515625 0.43125 0.859375 0.43125 0.859375 0.5296875 0.7515625 0.5296875
3 0.3453125 0.7453125 0.4578125 0.7453125 0.4578125 0.9421875 0.3453125 0.9421875
3 0.8484375 0 1 0 1 0.2046875 0.8484375 0.2046875
3 0.8484375 0.2875 1 0.2875 1 0.4796875 0.8484375 0.4796875
3 0.5828125 0.5484375 0.703125 0.5484375 0.703125 0.7203125 0.5828125 0.7203125
3 0.3953125 0.44375 0.4671875 0.44375 0.4671875 0.5640625 0.3953125 0.5640625
3 0.4265625 0.634375 0.496875 0.634375 0.496875 0.7015625 0.4265625 0.7015625
3 0 0.321875 0.09375 0.321875 0.09375 0.5375 0 0.5375
3 0.1171875 0 0.1875 0 0.1875 0.0875 0.1171875 0.0875
3 0.3765625 0.025 0.5078125 0.025 0.5078125 0.2875 0.3765625 0.2875
3 0.5890625 0.0890625 0.65625 0.0890625 0.65625 0.2640625 0.5890625 0.2640625
3 0.253125 0.8515625 0.346875 0.8515625 0.346875 1 0.253125 1