3 0.1140625 0.50625 0.18125 0.50625 0.18125 0.5796875 0.1140625 0.5796875
3 0.55625 0.0921875 0.64375 0.0921875 0.64375 0.21875 0.55625 0.21875
3 0.5796875 0.4453125 0.64375 0.4453125 0.64375 0.559375 0.5796875 0.559375
3 0.6640625 0.71875 0.7671875 0.71875 0.7671875 0.9125 0.6640625 0.9125
3 0.7921875 0.8328125 0.8390625 0.8328125 0.8390625 0.9328125 0.7921875 0.9328125
3 0.4265625 0.2984375 0.4953125 0.2984375 0.4953125 0.4671875 0.4265625 0.4671875
3 0.2421875 0.2515625 0.346875 0.2515625 0.346875 0.35 0.2421875 0.35
3 0.8796875 0.509375 0.95625 0.509375 0.95625 0.6703125 0.8796875 0.6703125
3 0.7046875 0.33125 0.7796875 0.33125 0.7796875 0.4515625 0.7046875 0.4515625
3 0.5734375 0 0.6359375 0 0.6359375 0.053125 0.5734375 0.053125
3 0.9484375 0.35625 0.9890625 0.35625 0.9890625 0.45 0.9484375 0.45
3 0.5265625 0.7984375 0.5671875 0.7984375 0.5671875 0.865625 0.5265625 0.865625
3 0.7859375 0.7734375 0.8734375 0.7734375 0.8734375 0.8234375 0.7859375 0.8234375