3 0.8578125 0.6328125 1 0.6328125 1 0.8015625 0.8578125 0.8015625
3 0.6984375 0.146875 0.81875 0.146875 0.81875 0.2515625 0.6984375 0.2515625
3 0.0015625 0.6578125 0.04375 0.6578125 0.04375 0.7578125 0.0015625 0.7578125
3 0.11875 0 0.1984375 0 0.1984375 0.0875 0.11875 0.0875
3 0.36875 0.3046875 0.471875 0.3046875 0.471875 0.425 0.36875 0.425
3 0.0109375 0.3296875 0.1109375 0.3296875 0.1109375 0.4859375 0.0109375 0.4859375
3 0.425 0.6140625 0.4953125 0.6140625 0.4953125 0.7671875 0.425 0.7671875
3 0.8546875 0 1 0 1 0.175 0.8546875 0.175
3 0.7984375 0.259375 1 0.259375 1 0.5171875 0.7984375 0.5171875
3 0.4 0.4734375 0.471875 0.4734375 0.471875 0.565625 0.4 0.565625
3 0.21875 0.35625 0.28125 0.35625 0.28125 0.4265625 0.21875 0.4265625
3 0.39375 0.76875 0.4421875 0.76875 0.4421875 0.89375 0.39375 0.89375