3 0.20625 0.2796875 0.3078125 0.2796875 0.3078125 0.4625 0.20625 0.4625
3 0 0.753125 0.1109375 0.753125 0.1109375 0.9109375 0 0.9109375
3 0.8734375 0.621875 0.9734375 0.621875 0.9734375 0.8078125 0.8734375 0.8078125
3 0.58125 0.0859375 0.6984375 0.0859375 0.6984375 0.3171875 0.58125 0.3171875
3 0.85 0.328125 0.9515625 0.328125 0.9515625 0.453125 0.85 0.453125
3 0.43125 0.6140625 0.49375 0.6140625 0.49375 0.728125 0.43125 0.728125
3 0.3546875 0.7703125 0.45625 0.7703125 0.45625 0.9234375 0.3546875 0.9234375
3 0 0.3078125 0.096875 0.3078125 0.096875 0.528125 0 0.528125
3 0.584375 0.5375 0.709375 0.5375 0.709375 0.71875 0.584375 0.71875
3 0.734375 0.865625 0.8828125 0.865625 0.8828125 1 0.734375 1
3 0.4 0.4484375 0.4703125 0.4484375 0.4703125 0.5625 0.4 0.5625