3 0.1109375 0.490625 0.1828125 0.490625 0.1828125 0.584375 0.1109375 0.584375
3 0.5546875 0.065625 0.6453125 0.065625 0.6453125 0.234375 0.5546875 0.234375
3 0.565625 0.4453125 0.6421875 0.4453125 0.6421875 0.5984375 0.565625 0.5984375
3 0.69375 0.546875 0.775 0.546875 0.775 0.70625 0.69375 0.70625
3 0.6640625 0.7203125 0.7671875 0.7203125 0.7671875 0.915625 0.6640625 0.915625
3 0.7921875 0.8328125 0.8390625 0.8328125 0.8390625 0.9328125 0.7921875 0.9328125
3 0.878125 0.50625 0.95625 0.50625 0.95625 0.671875 0.878125 0.671875
3 0.4234375 0.2953125 0.496875 0.2953125 0.496875 0.46875 0.4234375 0.46875
3 0.68125 0.2828125 0.796875 0.2828125 0.796875 0.5 0.68125 0.5
3 0.24375 0.225 0.30625 0.225 0.30625 0.3515625 0.24375 0.3515625
3 0.571875 0 0.6359375 0 0.6359375 0.0515625 0.571875 0.0515625
3 0.928125 0.33125 0.9984375 0.33125 0.9984375 0.459375 0.928125 0.459375
3 0.3046875 0.253125 0.3421875 0.253125 0.3421875 0.353125 0.3046875 0.353125
3 0.525 0.7953125 0.5609375 0.7953125 0.5609375 0.88125 0.525 0.88125
3 0.7890625 0.7734375 0.8640625 0.7734375 0.8640625 0.834375 0.7890625 0.834375