4 0.57328617578125 0.2112036171875 0.585435142578125 0.270265857421875 0.623617435546875 0.291111357421875 0.644444046875 0.247683259765625 0.656592880859375 0.169512716796875 0.634030609375 0.13129591015625 0.644444046875 0.01838285546875 0.637501666015625 0.004485876953125 0.549831787109375 0 0.568079587890625 0.037491224609375 0.568079587890625 0.080919322265625 0.568079587890625 0.171249779296875 0.57328617578125 0.2112036171875
4 0.722544033203125 0.216414974609375 0.741634982421875 0.272002955078125 0.748577361328125 0.339750814453125 0.772875029296875 0.365807671875 0.811057193359375 0.3640705078125 0.821470630859375 0.3189053125 0.81973496875 0.249420357421875 0.805850740234375 0.171249779296875 0.77981741015625 0.10871337890625 0.771139634765625 0.004485876953125 0.69957137109375 0.00260416796875 0.69998176171875 0.040965486328125 0.701717423828125 0.103501953125 0.720808373046875 0.164301291015625 0.722544033203125 0.216414974609375
4 0.321630662109375 0.426607009765625 0.368490734375 0.39360162890625 0.366755072265625 0.334539455078125 0.3789040390625 0.268528693359375 0.366755072265625 0.22857485546875 0.33898621484375 0.17298691015625 0.306776232421875 0.176215279296875 0.2730351953125 0.242471833984375 0.274770724609375 0.324116671875 0.2990685234375 0.400550150390625 0.321630662109375 0.426607009765625
4 0.191464017578125 0.397075888671875 0.2140262890625 0.34148791015625 0.203612984375 0.266791595703125 0.130719583984375 0.265054498046875 0.109892974609375 0.305008333984375 0.122314427734375 0.343315974609375 0.125512998046875 0.374493291015625 0.149810666015625 0.423132748046875 0.191464017578125 0.397075888671875
4 0.927435955078125 0 0.93948844140625 0.07049660546875 0.95510833203125 0.079182224609375 0.982877322265625 0.034016998046875 0.975153171875 0 0.927435955078125 0
4 1 0.216228154296875 0.998497212890625 0.136507302734375 0.982877322265625 0.1191360625 0.886203314453125 0.15017361328125 0.84403290234375 0.167775517578125 0.86485951171875 0.258105974609375 0.87527294921875 0.32064241015625 0.8943638984375 0.39186453125 0.8995706171875 0.45613812890625 0.901306279296875 0.539520064453125 0.896099560546875 0.598582236328125 0.922132888671875 0.6420103359375 0.968992828125 0.6367989765625 0.979406265625 0.57252537890625 0.979406265625 0.485669181640625 0.972463884765625 0.386653171875 0.936017384765625 0.305008333984375 0.9099840546875 0.218152138671875 0.948166216796875 0.193832376953125 0.974199546875 0.3189053125 1 0.320519283203125 1 0.216228154296875
4 0.873537287109375 0.032279865234375 0.873537287109375 0.0062230078125 0.8015678984375 0.00260416796875 0.817999572265625 0.072233703125 0.83361946484375 0.089604943359375 0.868330568359375 0.089604943359375 0.873537287109375 0.032279865234375
4 0.644444046875 0.652433119140625 0.717337314453125 0.61942773828125 0.7086595390625 0.551679943359375 0.66353499609375 0.39360162890625 0.640972990234375 0.32064241015625 0.604085259765625 0.33463541796875 0.587170669921875 0.41444712890625 0.601055033203125 0.50651468359375 0.628823890625 0.607267857421875 0.644444046875 0.652433119140625
4 0.450061779296875 0.449189607421875 0.455268498046875 0.50651468359375 0.457004025390625 0.59163378125 0.474359578125 0.714969552734375 0.474359578125 0.801825748046875 0.49345066015625 0.91300170703125 0.5385750703125 0.902578990234375 0.580228423828125 0.86436218359375 0.555930623046875 0.824408412109375 0.552459564453125 0.80008865234375 0.562872869140625 0.735815185546875 0.568079587890625 0.72712956640625 0.5646083984375 0.676752814453125 0.5437817890625 0.577736802734375 0.526426236328125 0.404024412109375 0.505599494140625 0.238997638671875 0.500392908203125 0.160827095703125 0.479566166015625 0.10871337890625 0.4500053984375 0.106770833984375 0.446590720703125 0.192095279296875 0.455268498046875 0.294585552734375 0.450061779296875 0.39186453125 0.450061779296875 0.449189607421875
4 0.307746298828125 0.775768890625 0.31295288671875 0.853939466796875 0.31815960546875 0.900841892578125 0.335515158203125 0.902578990234375 0.368490734375 0.874785033203125 0.371961791015625 0.838305326171875 0.375432849609375 0.803562845703125 0.375432849609375 0.763609076171875 0.377168509765625 0.7045468359375 0.371961791015625 0.577736802734375 0.356341767578125 0.542994326171875 0.3132866484375 0.532118056640625 0.297332861328125 0.598582236328125 0.300804052734375 0.666330228515625 0.309481828125 0.737552150390625 0.307746298828125 0.775768890625
4 0.72886032421875 1 0.732957205078125 0.987698087890625 0.7034528203125 0.88694484765625 0.720808373046875 0.812248466796875 0.67394843359375 0.8209340859375 0.658328541015625 0.855676564453125 0.649650765625 0.925161521484375 0.66050887109375 0.983506947265625 0.703661640625 1 0.72886032421875 1
4 0.903041673828125 0.9981208046875 0.903041673828125 0.965115423828125 0.892628501953125 0.874785033203125 0.878744005859375 0.838305326171875 0.847140814453125 0.840277779296875 0.83361946484375 0.902578990234375 0.83882618359375 0.95469270703125 0.84403290234375 0.992909380859375 0.903041673828125 0.9981208046875