4 0.6627528671875 0.938247306640625 0.6526986875 0.978713189453125 0.737520103515625 0.95609774609375 0.74142143359375 0.941061048828125 0.707759609375 0.832780490234375 0.72188312109375 0.7907078515625 0.693747197265625 0.716771408203125 0.66434648828125 0.6786224140625 0.63133259375 0.706950935546875 0.631728841796875 0.767248435546875 0.634942900390625 0.807411697265625 0.653723658203125 0.895768216796875 0.6627528671875 0.938247306640625
4 0.7857788671875 0.782454244140625 0.779745994140625 0.845894203125 0.791050322265625 0.907424962890625 0.798624666015625 0.945033318359375 0.86823776171875 0.9283128515625 0.855055791015625 0.8245587578125 0.867518181640625 0.757976294921875 0.8648464296875 0.67862723828125 0.8520974296875 0.61029983203125 0.832521177734375 0.5682866796875 0.794812208984375 0.574525994140625 0.776463029296875 0.605065216796875 0.7837579296875 0.672776025390625 0.7766415546875 0.731118505859375 0.7857788671875 0.782454244140625
4 0.41049459765625 0.853343716796875 0.42609925390625 0.79319703125 0.4296758671875 0.751590369140625 0.404067974609375 0.689548013671875 0.3934859921875 0.631415625 0.340787720703125 0.608874248046875 0.32413614453125 0.639052634765625 0.316260724609375 0.718867654296875 0.331538037109375 0.799089193359375 0.378317263671875 0.856882728515625 0.41049459765625 0.853343716796875
4 0.253232017578125 0.714505498046875 0.21960539453125 0.6648232109375 0.173444744140625 0.647995974609375 0.15979075 0.7006243125 0.163144205078125 0.731785349609375 0.158958796875 0.77183844140625 0.1876371640625 0.80658909375 0.258576505859375 0.78973456640625 0.253232017578125 0.714505498046875
4 1 0.70553990625 0.959624384765625 0.69044833203125 0.96703040625 0.60007751953125 0.985705546875 0.512639162109375 0.9719096328125 0.41434348828125 0.95385121484375 0.329385306640625 0.930302103515625 0.268681318359375 0.8833826640625 0.273326568359375 0.866947435546875 0.32121829296875 0.884320091796875 0.37790727734375 0.899958435546875 0.45982798046875 0.908228728515625 0.523779583984375 0.904362875 0.5974145625 0.907179052734375 0.660749501953125 0.9055883125 0.7534361171875 0.950496841796875 0.76188565625 1 0.766913498046875 1 0.70553990625
4 0.8999881328125 0.852302748046875 0.89839232421875 0.923827048828125 0.968036611328125 0.90532401171875 0.9626190859375 0.87983655859375 0.945607591796875 0.824846708984375 0.911655009765625 0.832063552734375 0.8999881328125 0.852302748046875
4 0.682082830078125 0.570072474609375 0.693354962890625 0.40606662890625 0.687757548828125 0.337995076171875 0.609594970703125 0.3208663046875 0.603706537109375 0.368292208984375 0.597492259765625 0.472617154296875 0.603053224609375 0.56555953515625 0.6361919765625 0.640110427734375 0.675182931640625 0.646128263671875 0.682082830078125 0.570072474609375
4 0.50272008203125 0.126919576171875 0.454031234375 0.098198119140625 0.407725896484375 0.0973850546875 0.41216678125 0.2101008125 0.43022519921875 0.2950589921875 0.43889185546875 0.419308001953125 0.454891509765625 0.502927880859375 0.461717123046875 0.560082802734375 0.473635677734375 0.616155189453125 0.4989540546875 0.7102258515625 0.51177483203125 0.812280677734375 0.532854841796875 0.895030626953125 0.5613657578125 0.886984501953125 0.570902333984375 0.83167947265625 0.55974257421875 0.7541346328125 0.54580320703125 0.588383966796875 0.526662662109375 0.4148591875 0.52644757421875 0.31367681640625 0.519368994140625 0.263679216796875 0.512470212890625 0.2562659375 0.4889212578125 0.195562048828125 0.487260103515625 0.171052060546875 0.50272008203125 0.126919576171875
4 0.254611927734375 0.27022911328125 0.26425523828125 0.307249888671875 0.270574962890625 0.37871965234375 0.281265224609375 0.445708888671875 0.310689064453125 0.507403689453125 0.350542021484375 0.4878134296875 0.35859734375 0.45058257421875 0.337324994140625 0.32546110546875 0.32334753125 0.268050380859375 0.31504067578125 0.228969697265625 0.3044221015625 0.19570809765625 0.293442337890625 0.160747232421875 0.25540866796875 0.1404166484375 0.2387935390625 0.145724208984375 0.243452162109375 0.1926842421875 0.254611927734375 0.27022911328125
4 0.556635279296875 0 0.557984486328125 0.053015134765625 0.5809193671875 0.119177466796875 0.603421294921875 0.149913181640625 0.65106307421875 0.14866626953125 0.61855653125 0.07921060546875 0.624543048828125 0 0.556635279296875 0
4 0.7385629765625 0 0.742628201171875 0.036854939453125 0.7688072265625 0.09498347265625 0.800129908203125 0.090342150390625 0.8061264375 0.05177286328125 0.801210541015625 0 0.7385629765625 0