4 1 0.50752796484375 0.96668231640625 0.527510228515625 0.9234194765625 0.531295236328125 0.83343275390625 0.5391680546875 0.794084736328125 0.547837037109375 0.73630609765625 0.56508738671875 0.718867728515625 0.604941189453125 0.7639457265625 0.621903541015625 0.8428776484375 0.6271931328125 0.87898259765625 0.601385904296875 0.99237357421875 0.601918693359375 1 0.59723698828125 1 0.50752796484375
4 1 0.65672852734375 0.97471730859375 0.65921327734375 0.912570083984375 0.66639274609375 0.8536659921875 0.690710060546875 0.801901888671875 0.696981123046875 0.74818932421875 0.720844236328125 0.681304333984375 0.7336648125 0.6574643125 0.760141025390625 0.66252266015625 0.798026490234375 0.708423580078125 0.804463896484375 0.777492849609375 0.796678826171875 0.854155875 0.776034416015625 0.9141853515625 0.744649744140625 1 0.729889662109375 1 0.65672852734375
4 0.805712060546875 0.27929180859375 0.736766908203125 0.251453806640625 0.655584013671875 0.260298548828125 0.581559080078125 0.291165501953125 0.557567794921875 0.315912791015625 0.594531705078125 0.3597179375 0.653217857421875 0.3528412734375 0.720036279296875 0.35919079296875 0.758779228515625 0.343605849609375 0.8117354296875 0.3110978515625 0.805712060546875 0.27929180859375
4 0.575641771484375 0.183667662109375 0.63298465234375 0.201299265625 0.70648914453125 0.184415375 0.7018665546875 0.11164795703125 0.660249595703125 0.094382806640625 0.623170328125 0.11009572265625 0.59239042578125 0.115999404296875 0.54605373828125 0.1444438203125 0.575641771484375 0.183667662109375
4 1 0.891506869140625 0.9661729453125 0.9003823671875 0.9588817421875 0.916699822265625 1 0.9372763984375 1 0.891506869140625
4 0.40459700390625 0.979130984375 0.469533611328125 0.983902982421875 0.556059294921875 0.976332966796875 0.65409344921875 0.960787189453125 0.73225108203125 0.917363564453125 0.816507810546875 0.88385928125 0.844062822265625 0.91977654296875 0.72173478125 0.9566116328125 0.722375609375 0.98245457421875 0.82626987890625 0.97336500390625 0.905556392578125 0.9649198046875 0.921500166015625 0.947845349609375 0.882155029296875 0.85424431640625 0.8609447109375 0.813768482421875 0.772773146484375 0.842388658203125 0.7113822734375 0.85821287890625 0.64209505859375 0.88343859765625 0.578519837890625 0.89422731640625 0.49560646875 0.903223587890625 0.43631525 0.903184291015625 0.395321361328125 0.9329035625 0.40459700390625 0.979130984375
4 1 0.764265400390625 0.953854005859375 0.77950719921875 0.937910232421875 0.79658165625 0.94093550390625 0.831160673828125 0.99849623828125 0.831351369140625 1 0.831219806640625 1 0.764265400390625
4 0.5023176328125 0.60123828125 0.4043680703125 0.6376826875 0.3607360625 0.657179814453125 0.399968916015625 0.72691909375 0.466702591796875 0.71236973046875 0.6202465078125 0.653639466796875 0.690961685546875 0.624804501953125 0.673806947265625 0.5892767109375 0.592824740234375 0.57938253515625 0.5023176328125 0.60123828125
4 0.837916494140625 0.470830546875 0.88801673046875 0.445541046875 0.887375494140625 0.415923462890625 0.802078125 0.419958294921875 0.70073417578125 0.437535666015625 0.603371578125 0.440827181640625 0.546264640625 0.445823392578125 0.4896115 0.4560065078125 0.40496756640625 0.465154048828125 0.28361376171875 0.493192978515625 0.197088080078125 0.500762994140625 0.087999076171875 0.529471052734375 0.102314982421875 0.5735153515625 0.144016693359375 0.61167938671875 0.181700734375 0.583991845703125 0.205625427734375 0.578414388671875 0.27056189453125 0.583186265625 0.2796682578125 0.587616169921875 0.329550775390625 0.57976756640625 0.42637484375 0.55039039453125 0.5979135703125 0.517960853515625 0.760497197265625 0.48283033203125 0.837916494140625 0.470830546875
4 0.131105150390625 0.344512513671875 0.084834998046875 0.353787236328125 0.084617146484375 0.37122814453125 0.115179349609375 0.401655833984375 0.15182276171875 0.401934267578125 0.186735560546875 0.402364111328125 0.22653729296875 0.39888191015625 0.285526056640625 0.3954633515625 0.411399744140625 0.379224224609375 0.444648640625 0.3606356328125 0.451731021484375 0.316796421875 0.38412929296875 0.306696078125 0.31694163671875 0.3160586875 0.2467470546875 0.330910841796875 0.208524478515625 0.332512724609375 0.131105150390625 0.344512513671875
4 0.208184451171875 0.747182376953125 0.19544776953125 0.701257755859375 0.159476134765625 0.68872530859375 0.08949926953125 0.686136568359375 0.032322212890625 0.702038494140625 0.019652931640625 0.746464517578125 0.021849142578125 0.7715673125 0.03446130859375 0.774576421875 0.13225967578125 0.7364030859375 0.208184451171875 0.747182376953125
4 0.038902091796875 0.94492206640625 0.071781876953125 0.942045458984375 0.16086096484375 0.923799099609375 0.1959917421875 0.9067880234375 0.191272396484375 0.875477001953125 0.128029796875 0.867437013671875 0.07656818359375 0.877165927734375 0.03895073046875 0.88568363671875 0.038902091796875 0.94492206640625